20x20
43 2 1 4 8 2 5 4 8 7 3 2 5 2 5 2 5 2 4 7
2 34 2 4 7 5 8 7 5 2 3 1 6 5 5 5 5 5 5 8
1 2 55 4 6 9 8 7 4 5 2 1 5 6 3 6 8 4 7 7
2 5 6 46 1 0 2 4 5 8 7 6 3 2 1 4 8 8 8 8
5 4 9 8 37 2 1 4 7 8 5 2 3 6 9 8 5 2 1 4
1 4 5 7 8 98 6 3 2 1 4 5 8 6 3 2 1 4 8 8
1 4 5 7 8 9 69 3 2 1 4 5 8 6 3 2 1 4 8 8
2 3 2 4 7 5 8 70 5 2 3 1 6 5 5 5 5 5 5 8
1 2 5 4 6 9 8 7 42 5 2 1 5 6 3 6 8 4 7 7
2 5 6 4 1 0 2 4 5 83 7 6 3 2 1 4 8 8 8 8
5 4 9 8 3 2 1 4 7 8 54 2 3 6 9 8 5 2 1 4
4 2 1 4 8 2 5 4 8 7 3 24 5 2 5 2 5 2 4 7
2 3 2 4 7 5 8 7 5 2 3 1 65 5 5 5 5 5 5 8
1 2 5 4 6 9 8 7 4 5 2 1 5 66 3 6 8 4 7 7
2 5 6 4 1 0 2 4 5 8 7 6 3 2 16 4 8 8 8 8
5 4 9 8 3 2 1 4 7 8 5 2 3 6 9 86 5 2 1 4
1 4 5 7 8 9 6 3 2 1 4 5 8 6 3 2 17 4 8 8
1 4 5 7 8 9 6 3 2 1 4 5 8 6 3 2 1 48 8 8
1 4 5 7 8 9 6 3 2 1 4 5 8 6 3 2 1 4 88 8
1 4 5 7 8 9 6 3 2 1 4 5 8 6 3 2 1 4 8 89
